8 5 243 1901
11 5 334 1901
5 5 516 1902
1 5 761 1903
2 5 789 1903
10 5 1034 1903

1904 Is a leap year
4 5 1216 1904
0 5 1461 1905
9 5 1734 1905
3 5 1916 1906
6 5 2007 1906
8 5 2434 1907
11 5 2525 1907

1908 Is a leap year
2 5 2616 1908
10 5 2861 1908
7 5 3134 1909
4 5 3407 1910
0 5 3652 1911
9 5 3925 1911

1912 Is a leap year
8 5 4261 1912
11 5 4352 1912
5 5 4534 1913
1 5 4779 1914
2 5 4807 1914
10 5 5052 1914
7 5 5325 1915

1916 Is a leap year
9 5 5752 1916
3 5 5934 1917
6 5 6025 1917
8 5 6452 1918
11 5 6543 1918
5 5 6725 1919

1920 Is a leap year
1 5 6970 1920
7 5 7152 1920
4 5 7425 1921
0 5 7670 1922
9 5 7943 1922
3 5 8125 1923
6 5 8216 1923

1924 Is a leap year
5 5 8552 1924
1 5 8797 1925
2 5 8825 1925
10 5 9070 1925
7 5 9343 1926
4 5 9616 1927
0 5 9861 1928

1928 Is a leap year
3 5 9952 1928
6 5 10043 1928
8 5 10470 1929
11 5 10561 1929
5 5 10743 1930
1 5 10988 1931
2 5 11016 1931
10 5 11261 1931

1932 Is a leap year
4 5 11443 1932
0 5 11688 1933
9 5 11961 1933
3 5 12143 1934
6 5 12234 1934
8 5 12661 1935
11 5 12752 1935

1936 Is a leap year
2 5 12843 1936
10 5 13088 1936
7 5 13361 1937
4 5 13634 1938
0 5 13879 1939
9 5 14152 1939

1940 Is a leap year
8 5 14488 1940
11 5 14579 1940
5 5 14761 1941
1 5 15006 1942
2 5 15034 1942
10 5 15279 1942
7 5 15552 1943

1944 Is a leap year
9 5 15979 1944
3 5 16161 1945
6 5 16252 1945
8 5 16679 1946
11 5 16770 1946
5 5 16952 1947

1948 Is a leap year
1 5 17197 1948
7 5 17379 1948
4 5 17652 1949
0 5 17897 1950
9 5 18170 1950
3 5 18352 1951
6 5 18443 1951

1952 Is a leap year
5 5 18779 1952
1 5 19024 1953
2 5 19052 1953
10 5 19297 1953
7 5 19570 1954
4 5 19843 1955
0 5 20088 1956

1956 Is a leap year
3 5 20179 1956
6 5 20270 1956
8 5 20697 1957
11 5 20788 1957
5 5 20970 1958
1 5 21215 1959
2 5 21243 1959
10 5 21488 1959

1960 Is a leap year
4 5 21670 1960
0 5 21915 1961
9 5 22188 1961
3 5 22370 1962
6 5 22461 1962
8 5 22888 1963
11 5 22979 1963

1964 Is a leap year
2 5 23070 1964
10 5 23315 1964
7 5 23588 1965
4 5 23861 1966
0 5 24106 1967
9 5 24379 1967

1968 Is a leap year
8 5 24715 1968
11 5 24806 1968
5 5 24988 1969
1 5 25233 1970
2 5 25261 1970
10 5 25506 1970
7 5 25779 1971

1972 Is a leap year
9 5 26206 1972
3 5 26388 1973
6 5 26479 1973
8 5 26906 1974
11 5 26997 1974
5 5 27179 1975

1976 Is a leap year
1 5 27424 1976
7 5 27606 1976
4 5 27879 1977
0 5 28124 1978
9 5 28397 1978
3 5 28579 1979
6 5 28670 1979

1980 Is a leap year
5 5 29006 1980
1 5 29251 1981
2 5 29279 1981
10 5 29524 1981
7 5 29797 1982
4 5 30070 1983
0 5 30315 1984

1984 Is a leap year
3 5 30406 1984
6 5 30497 1984
8 5 30924 1985
11 5 31015 1985
5 5 31197 1986
1 5 31442 1987
2 5 31470 1987
10 5 31715 1987

1988 Is a leap year
4 5 31897 1988
0 5 32142 1989
9 5 32415 1989
3 5 32597 1990
6 5 32688 1990
8 5 33115 1991
11 5 33206 1991

1992 Is a leap year
2 5 33297 1992
10 5 33542 1992
7 5 33815 1993
4 5 34088 1994
0 5 34333 1995
9 5 34606 1995

1996 Is a leap year
8 5 34942 1996
11 5 35033 1996
5 5 35215 1997
1 5 35460 1998
2 5 35488 1998
10 5 35733 1998
7 5 36006 1999

2000 Is a leap year
9 5 36433 2000
171